0.02 0.3869388
0.04 0.8331201
0.06 1.627147
0.08 2.740502
0.1 4.44475
0.105 4.822159
0.11 5.133521
0.115 5.478271
0.12 5.624337
0.125 5.826044
0.13 5.877827
0.135 5.856472
0.14 5.795219
0.145 5.700812
0.15 5.567929
0.155 5.33577
0.16 5.167562
0.18 4.365318

0.02 0.3691292
0.04 0.85283
0.06 1.636969
0.08 2.830067
0.1 4.329778
0.105 4.6399
0.11 4.921859
0.115 5.269572
0.12 5.659515
0.125 5.753488
0.13 5.856816
0.135 5.898879
0.14 5.817351
0.145 5.748479
0.15 5.642473
0.155 5.505523
0.16 5.274253
0.18 4.519083
0.2 3.870602
0.22 3.397287

0.02 0.4139495
0.04 0.8640854
0.06 1.737479
0.08 2.874697
0.1 4.387113
0.105 4.859453
0.11 5.264406
0.115 5.467968
0.12 5.791467
0.125 5.859483
0.13 5.88867
0.135 5.899069
0.14 5.843297
0.145 5.686602
0.15 5.525696
0.155 5.303034
0.16 5.09977
0.18 4.277318

0.02 0.393172
0.04 0.822864
0.06 1.603202
0.08 2.773532
0.1 4.346303
0.105 4.770473
0.11 5.097442
0.115 5.372169
0.12 5.647352
0.125 5.758871
0.13 5.920009
0.135 5.810949
0.14 5.824365
0.145 5.70875
0.15 5.658172
0.155 5.481963
0.16 5.259587
0.18 4.428072
0.2 3.804206
0.22 3.425628

0.02 0.3795442
0.04 0.8257268
0.06 1.50014
0.08 2.800702
0.1 4.043182
0.105 4.443888
0.11 4.741712
0.115 5.221963
0.12 5.436451
0.125 5.602851
0.13 5.765412
0.135 5.86694
0.14 5.763848
0.145 5.820969
0.15 5.758068
0.155 5.529344
0.16 5.338331
0.165 5.23529
0.17 4.974464
0.175 4.867355
0.18 4.652193
0.2 4.076415

