30 1.374487
51 1.791426
67 2.050287
88 2.327312
115 2.611079
150 2.933825
197 3.314383
258 3.752437
338 4.246721
443 4.865201
580 5.663507
759 6.756884
993 8.250038
1300 10.49852
1702 13.9487
2229 19.23963
2918 27.07483
3819 38.50349
4999 53.47215

30 1.374582
51 1.800727
67 2.036161
88 2.323614
115 2.604583
150 2.91731
197 3.296653
258 3.718032
338 4.229788
443 4.836748
580 5.608453
759 6.628201
993 7.975947
1300 9.668796
1702 11.78968
2229 14.1842
2918 16.71409
3819 19.66184
4999 22.61893

100 2.473379
200 3.380549
300 4.086072
400 4.744654
500 5.416418
600 6.102375
700 6.845973
800 7.608082
1000 9.299934
1200 11.07316
1600 14.12575
2200 17.0209
3000 18.84341
3800 19.98718

30 1.416469
45 1.738322
56 2.010814
70 2.203256
87 2.467445
107 2.731988
133 3.017522
165 3.462818
204 3.943821
252 4.475304
312 5.295987
387 6.249513
479 7.794989
593 10.43548
734 15.3297
908 22.63029
1124 47.21277
1391 120.5005
1722 408.2703
2131 1814.365

30 1.408204
45 1.751015
56 1.952231
70 2.232677
87 2.456201
107 2.683923
133 3.058818
165 3.504573
204 3.962701
252 4.593572
312 5.210572
387 6.29464
479 8.067522
593 10.30017
734 14.95602
908 24.75853
1124 49.40356
1391 132.8018
1722 418.6415
2131 2068.794

100 2.586867
200 3.830999
300 5.162318
400 6.457975
500 8.577048
600 10.42174
700 13.92348
800 17.62834
900 24.11563
1000 32.62933
1100 43.61129
1200 59.04471
1300 86.95828
1400 124.3694
1500 158.5364
1600 250.7815
1700 397.9665

110 2.66821
210 3.518829
310 4.156144
410 4.799422
510 5.436068
610 6.06509
710 6.81303
810 7.633928
910 8.53086
1010 9.76329
1110 10.79047
1210 12.24923
1310 13.99566
1410 15.70089
1510 18.06587
1610 20.76736
1710 24.24537
1810 28.84662
1910 32.56344
2010 38.73924
2110 44.51014
2210 53.53859
2310 65.27853
2410 75.33293
2510 90.40326
2610 112.9286
2710 130.1016
2810 161.8531
2910 191.5365

200 3.94676
400 6.731578
600 11.30296
800 18.31312
1000 32.38412
1200 65.83137
1400 130.5151
1600 267.5841
1800 563.163
2000 1258.442
2200 2882.529

