1 3.316611
1.04 4.050189
1.08 5.555713
1.12 8.245291
1.16 14.38807
1.2 42.828
1.205 48.85759
1.21 62.48605
1.215 101.4684
1.22 144.2276
1.225 237.8907
1.23 333.2476
1.235 269.6497
1.24 102.3507
1.245 71.32205
1.25 56.5379
1.255 45.20911
1.26 39.44319
1.265 35.04586
1.27 31.38599
1.275 28.0447
1.28 25.60726
1.32 15.08627
1.36 10.4216
1.4 8.367906
1.44 6.919479
1.48 5.945459
1.52 5.115262
1.56 4.589995
1.6 4.189625
1.64 3.753443

0.5 0.6048065
0.55 0.7557714
0.6 0.9339888
0.65 1.271636
0.7 1.521987
0.75 2.090209
0.8 2.873446
0.85 3.72327
0.9 6.739739
0.95 11.78514
0.955 13.8323
0.96 14.10567
0.965 16.03515
0.97 17.65347
0.975 19.66641
0.98 22.355
0.985 27.18711
0.99 30.26555
0.995 38.563
1 51.37683
1.005 64.74974
1.01 84.56036
1.015 121.192
1.02 215.7639
1.025 309.0202
1.03 254.0296
1.035 101.0401
1.04 74.69083
1.045 55.57006
1.05 45.48364
1.055 39.37022
1.06 34.48901
1.065 31.0727
1.07 28.2748
1.075 25.83184
1.08 23.83545
1.085 21.99856
1.09 20.27095
1.095 19.12044
1.1 18.04048
1.15 11.52042
1.2 8.652147
1.25 7.122656
1.3 5.971924
1.35 5.084383
1.4 4.522839
1.45 4.210822
1.5 3.766638
1.55 3.487091
1.6 3.213003
1.65 3.069139

0.5 0.8091332
0.55 1.114729
0.6 1.425059
0.65 2.074347
0.7 3.052561
0.75 4.924067
0.8 8.814946
0.805 10.37349
0.81 10.82156
0.815 11.90798
0.82 13.00544
0.825 14.90288
0.83 15.69034
0.835 19.54088
0.84 22.11401
0.845 24.67685
0.85 30.13716
0.855 38.24228
0.86 49.01852
0.865 63.21165
0.87 105.363
0.875 163.9945
0.88 271.0616
0.885 249.1679
0.89 111.0283
0.895 67.19095
0.9 53.46653
0.905 42.40798
0.91 36.64162
0.915 31.89988
0.92 29.12312
0.925 26.28968
0.93 23.9472
0.935 22.45691
0.94 20.89382
0.945 19.43187
0.95 18.30476
1 11.61063
1.05 8.796896
1.1 6.960197
1.15 5.892598
1.2 5.264677
1.25 4.686486
1.3 4.185545
1.35 3.858899
1.4 3.551081
1.45 3.38468
1.5 3.157969
1.55 2.957702
1.6 2.826079
1.65 2.676798

0.5 0.9538497
0.55 1.442343
0.6 1.911655
0.65 3.078617
0.7 5.3351
0.75 14.27085
0.755 15.82396
0.76 18.40611
0.765 21.99971
0.77 26.43595
0.775 35.07771
0.78 50.97472
0.785 65.13408
0.79 99.60893
0.795 176.4804
0.796 167.4216
0.797 200.9533
0.798 221.6051
0.799 241.5391
0.8 257.4582
0.801 271.4351
0.802 273.8762
0.803 261.8509
0.804 219.5626
0.805 196.9522
0.806 169.5156
0.807 128.7239
0.808 105.0877
0.81 88.69863
0.815 58.35406
0.82 46.31809
0.825 39.00545
0.83 35.02935
0.835 30.30221
0.84 27.53631
0.845 24.98161
0.85 22.95609
0.9 13.25333
0.95 9.460459
1 7.549744
1.05 6.365984
1.1 5.413443
1.15 4.940515
1.2 4.390515
1.25 4.090938
1.3 3.67795
1.35 3.389068
1.4 3.275652
1.45 3.039989
1.5 2.939067
1.55 2.764901
1.6 2.652578
1.65 2.583242

0.5 1.608
0.501 1.61973
0.502 1.62613
0.503 1.64166
0.504 1.68008
0.505 1.65871
0.506 1.68507
0.507 1.69877
0.508 1.70414
0.509 1.73683
0.51 1.73894
0.511 1.73461
0.512 1.77322
0.513 1.78341
0.514 1.79212
0.515 1.79292
0.516 1.82675
0.517 1.84761
0.518 1.84778
0.519 1.85874
0.52 1.88454
0.521 1.8995
0.522 1.91296
0.523 1.92461
0.524 1.94227
0.525 1.96922
0.526 1.97616
0.527 2.001
0.528 2.00413
0.529 2.00985
0.53 2.0697
0.531 2.05694
0.532 2.10047
0.533 2.0973
0.534 2.11652
0.535 2.15114
0.536 2.15492
0.537 2.19318
0.538 2.16471
0.539 2.21905
0.54 2.2248
0.541 2.24021
0.542 2.28801
0.543 2.29332
0.544 2.32773
0.545 2.33495
0.546 2.35464
0.547 2.38319
0.548 2.41374
0.549 2.40127
0.55 2.43483
0.551 2.44049
0.552 2.489
0.553 2.50422
0.554 2.54006
0.555 2.58772
0.556 2.58816
0.557 2.64486
0.558 2.63682
0.559 2.69405
0.56 2.69981
0.561 2.74698
0.562 2.77095
0.563 2.80778
0.564 2.84335
0.565 2.86545
0.566 2.88624
0.567 2.91878
0.568 2.9474
0.569 2.99094
0.57 2.98325
0.571 3.03624
0.572 3.07757
0.573 3.13115
0.574 3.09922
0.575 3.18122
0.576 3.16199
0.577 3.23597
0.578 3.22702
0.579 3.32393
0.58 3.37355
0.581 3.37344
0.582 3.41465
0.583 3.43954
0.584 3.52645
0.585 3.53551
0.586 3.6463
0.587 3.68315
0.588 3.7117
0.589 3.7416
0.59 3.76981
0.591 3.8518
0.592 3.91266
0.593 3.94314
0.594 4.03243
0.595 4.05172
0.596 4.15103
0.597 4.11402
0.598 4.25434
0.599 4.31169
0.6 4.36704
0.601 4.40552
0.602 4.47398
0.603 4.53613
0.604 4.59119
0.605 4.66814
0.606 4.71064
0.607 4.81353
0.608 4.90209
0.609 4.96331
0.61 5.05874
0.611 5.13782
0.612 5.32732
0.613 5.40006
0.614 5.39986
0.615 5.51865
0.616 5.58737
0.617 5.65435
0.618 5.82069
0.619 5.92615
0.62 5.97887
0.621 6.08448
0.622 6.09132
0.623 6.24777
0.624 6.40174
0.625 6.57237
0.626 6.80087
0.627 6.85715
0.628 7.11016
0.629 7.07898
0.63 7.2533
0.631 7.43606
0.632 7.51324
0.633 7.90649
0.634 8.03503
0.635 8.01416
0.636 8.23401
0.637 8.70913
0.638 8.87833
0.639 8.78914
0.64 9.20683
0.641 9.38975
0.642 9.52924
0.643 9.85538
0.644 10.1137
0.645 10.2478
0.646 10.6508
0.647 11.1322
0.648 11.1741
0.649 11.3349
0.65 12.2705
0.651 12.5221
0.652 12.6457
0.653 13.1487
0.654 14.0693
0.655 14.1341
0.656 14.3376
0.657 14.8648
0.658 15.7046
0.659 16.6714
0.66 16.7974
0.661 18.1409
0.662 18.3556
0.663 19.2081
0.664 20.125
0.665 21.0673
0.666 21.713
0.667 22.5789
0.668 24.9236
0.669 25.4289
0.67 25.7877
0.671 29.1799
0.672 30.1865
0.673 32.6078
0.674 34.8768
0.675 36.6327
0.676 39.3614
0.677 41.6555
0.678 47.1591
0.679 48.5183
0.68 54.0715
0.681 58.2478
0.682 61.7956
0.683 70.0132
0.684 77.3098
0.685 84.4636
0.686 93.32
0.687 100.738
0.688 115.071
0.689 129.3
0.69 142.398
0.691 153.318
0.692 164.544
0.693 180.453
0.694 185.442
0.695 180.755
0.696 169.81
0.697 154.67
0.698 141.365
0.699 112.603
0.7 94.3864
0.701 79.2663
0.702 67.8354
0.703 57.3924
0.704 52.552
0.705 48.9764
0.706 42.5926
0.707 40.6396
0.708 39.31
0.709 36.0037
0.71 35.3132
0.711 31.8804
0.712 30.1278
0.713 30.6476
0.714 29.1428
0.715 26.7716
0.716 26.3343
0.717 25.7376
0.718 24.1777
0.719 24.5575
0.72 22.677
0.721 21.9564
0.722 20.9234
0.723 20.85
0.724 19.3957
0.725 19.1783
0.726 18.8354
0.727 18.4498
0.728 17.8697
0.729 17.5294
0.73 16.987
0.731 17.0473
0.732 16.1863
0.733 15.9786
0.734 15.5273
0.735 15.2091
0.736 15.3102
0.737 14.6711
0.738 14.0337
0.739 13.9358
0.74 13.6367
0.741 13.1944
0.742 13.1095
0.743 12.8649
0.744 12.9672
0.745 12.5588
0.746 12.0528
0.747 12.0158
0.748 11.7033
0.749 11.7915
0.75 11.3836
0.751 11.1838
0.752 11.07
0.753 11.021
0.754 10.9071
0.755 10.9038
0.756 10.5416
0.757 10.3061
0.758 10.1828
0.759 10.0346
0.76 9.88944
0.761 9.73583
0.762 9.54927
0.763 9.41297
0.764 9.45158

