0.02 2.207243
0.025 2.942315
0.03 3.930956
0.035 5.062219
0.04 6.734229
0.045 8.749563
0.05 11.5452
0.055 16.42037
0.06 23.65889
0.065 36.80645
0.07 68.44148
0.071 75.14156
0.072 83.16474
0.073 87.41725
0.074 86.81313
0.075 84.07124
0.076 72.76886
0.077 62.80435
0.078 51.71099
0.079 42.80974
0.08 34.79837
0.081 29.9698
0.082 26.53627
0.083 23.64936
0.084 21.28345
0.085 19.603

0.02 2.167308
0.025 2.945481
0.03 3.870886
0.035 5.025525
0.04 6.553538
0.045 8.474014
0.05 11.35093
0.055 14.77259
0.06 20.98558
0.065 31.71936
0.07 56.06377
0.07 56.06377
0.071 62.7573
0.072 69.78459
0.073 78.54624
0.074 85.58999
0.075 92.09493
0.076 96.06418
0.077 92.86133
0.078 86.60473
0.079 74.33135
0.08 60.18877
0.081 50.35885
0.082 41.26402
0.083 34.86263
0.084 29.34232

0.02 2.20245
0.025 2.960462
0.03 3.900069
0.035 5.08443
0.04 6.688212
0.045 8.67626
0.05 11.37086
0.055 15.4143
0.06 22.95333
0.065 35.55864
0.07 63.89336
0.071 71.41549
0.072 78.90996
0.073 85.24534
0.074 89.76958
0.075 89.40475
0.076 84.95688
0.077 75.46928
0.078 63.64288
0.079 51.96003
0.08 41.54322
0.081 34.70957
0.082 30.41778
0.083 26.77813
0.084 23.57765
0.085 21.56562

0.02 2.232618
0.025 2.959568
0.03 3.941002
0.035 5.050211
0.04 6.478574
0.045 8.399391
0.05 11.453
0.055 15.1943
0.06 21.94109
0.065 36.08878
0.07 62.38305
0.07 62.38305
0.071 69.4481
0.072 77.65494
0.073 84.21667
0.074 89.70377
0.075 92.86948
0.076 89.01543
0.077 80.94691
0.078 70.7225
0.079 56.80414
0.08 46.46957
0.081 38.40031
0.082 32.90145
0.083 28.32644
0.084 25.06696

0.05 10.965933
0.052 13.944536
0.054 15.352148
0.056 18.192756
0.058 21.002948
0.06 25.775974
0.062 33.707966
0.064 38.755488
0.066 51.208912
0.068 64.446382
0.07 74.055972
0.072 77.507202
0.074 62.268978
0.076 44.782474
0.078 34.768936
0.08 23.282956
0.082 18.686802
0.084 16.663608
0.086 14.289978
0.088 12.948986

