0.02 1.630972
0.03 2.798448
0.04 4.268345
0.05 6.317594
0.06 9.271287
0.07 14.84838
0.08 22.48834
0.09 39.9938
0.093 50.14683
0.096 61.37365
0.099 76.45493
0.101 82.95192
0.103 92.55622
0.105 98.35381
0.107 100.8648
0.109 100.2393
0.111 94.14685
0.113 85.84824
0.115 78.13475
0.118 61.85444
0.12 53.24261
0.13 33.08821
0.14 25.15884
0.15 19.9552
0.16 16.92023
0.17 15.40417
0.18 14.00592
0.19 12.77996

0.02 1.930795
0.03 3.284578
0.04 5.360632
0.05 8.166597
0.06 13.43857
0.07 22.6117
0.08 48.53463
0.083 62.60104
0.086 76.40097
0.088 84.04058
0.089 87.27488
0.09 88.79991
0.092 91.79739
0.094 88.64721
0.095 83.15055
0.096 80.65322
0.098 71.95499
0.101 57.55037
0.104 49.09573
0.107 40.77014
0.11 35.74073
0.12 24.99665
0.13 21.36123
0.14 18.22451
0.15 16.96962
0.16 14.29624
0.17 13.49416

0.02 1.467075
0.03 2.387229
0.04 3.53654
0.05 5.006969
0.06 7.121623
0.07 9.700067
0.08 13.65192
0.09 20.59095
0.1 30.61038
0.11 55.58033
0.113 66.2808
0.116 78.4772
0.118 88.23153
0.119 90.52028
0.12 94.97265
0.122 101.1142
0.124 102.0677
0.125 101.6091
0.126 97.63546
0.128 89.68374
0.13 78.93447
0.131 72.57721
0.134 54.44527
0.137 43.16752
0.14 36.17632
0.15 24.42255
0.16 19.15822
0.17 15.9855
0.18 14.0735
0.19 12.14534

0.02 1.82342
0.03 3.151829
0.04 4.959351
0.05 7.563014
0.06 11.37386
0.07 17.67346
0.08 30.90741
0.09 60.62997
0.093 73.56817
0.096 86.47961
0.095 82.33358
0.097 89.87286
0.099 93.02396
0.101 91.92089
0.102 90.43149
0.103 87.19848
0.105 76.55586
0.108 60.23406
0.111 47.85483
0.12 30.07498
0.13 23.10061
0.14 19.45269
0.15 16.49604
0.16 15.06699
0.17 13.76609
0.18 12.16961
0.19 11.73243

0.04 5.1660928
0.043 6.041032
0.046 7.0327224
0.049 8.257752
0.052 9.695528
0.055 11.731736
0.058 14.243208
0.061 17.67816
0.064 23.022888
0.067 30.272296
0.0686 36.032296
0.0702 43.125144
0.0718 52.430656
0.0734 62.966176
0.075 72.769784
0.0766 78.125432
0.0782 73.113904
0.0798 58.488816
0.0814 42.352232
0.082 37.446448
0.085 22.951008
0.088 17.193752
0.091 13.66488
0.094 11.371536
0.097 9.706536

