0.1 2.490093
0.104 2.688843
0.108 2.901652
0.112 3.144254
0.116 3.400198
0.12 3.694668
0.124 4.06172
0.128 4.469416
0.132 4.924106
0.136 5.453332
0.14 6.025805
0.144 6.778226
0.148 7.651015
0.152 8.596673
0.156 9.71375
0.16 10.86391
0.164 12.17151
0.168 13.19606
0.172 14.2386
0.176 14.60585
0.18 14.50633
0.184 13.56198
0.188 12.04486
0.192 10.31119
0.196 8.896509

0.1 14.08519
0.104 16.17034
0.108 18.62279
0.112 21.26599
0.116 24.41317
0.12 27.68442
0.124 30.07902
0.128 30.97584
0.132 28.37396
0.136 23.04474
0.14 17.2272
0.144 13.33733
0.148 11.21902
0.152 9.651112
0.156 8.560741
0.16 7.64416
0.164 6.983056
0.168 6.407987
0.172 5.885514
0.176 5.477706
0.18 5.096709
0.184 4.785203
0.188 4.483105
0.192 4.244353
0.196 4.013574

0.1 36.44217
0.104 48.75869
0.108 65.53325
0.112 78.4746
0.116 67.60271
0.12 40.28113
0.124 26.81201
0.128 20.73849
0.132 16.97944
0.136 14.45637
0.14 12.67073
0.144 11.34643
0.148 10.22226
0.152 9.301011
0.156 8.539787
0.16 7.824096
0.164 7.226809
0.168 6.710238
0.172 6.288729
0.176 5.892564
0.18 5.517481
0.184 5.190546
0.188 4.921041
0.192 4.664945
0.196 4.429727

0.02 7.157172
0.022 8.035565
0.024 8.952806
0.026 9.905246
0.028 10.89346
0.03 11.9204
0.032 12.9986
0.034 14.1129
0.036 15.20515
0.038 16.30947
0.04 17.38691
0.042 18.55759
0.044 19.63218
0.046 20.6669
0.048 21.7427
0.05 22.63873
0.052 23.48363
0.054 24.2396
0.056 24.79348
0.058 25.51144
0.06 25.83998
0.062 26.42548
0.064 26.81416
0.066 27.6122
0.068 28.06761
0.07 29.35447
0.072 31.0393
0.074 33.45101
0.076 36.6112
0.078 41.08561
0.0795 44.80263
0.081 48.55367
0.0825 52.32638
0.084 55.02745
0.0855 56.77978
0.087 56.72173
0.0885 54.47993
0.09 51.23253
0.0915 47.02988
0.093 43.47166
0.094 41.17625
0.098 34.47327
0.102 30.63865
0.106 28.22781
0.11 25.50273
0.114 23.93641
0.118 21.72598
0.122 19.5625
0.126 17.85869
0.13 16.25226
0.134 14.49839
0.138 13.10601

0.02 32.9872
0.024 39.46846
0.026 41.90988
0.028 43.44522
0.029 43.92134
0.03 44.25259
0.031 44.5118
0.032 44.60589
0.033 44.7871
0.034 44.67943
0.036 44.23935
0.037 43.41531
0.04 38.4593
0.044 26.88167
0.048 17.4573
0.05 15.3636
0.0515 14.84794
0.053 14.79143
0.0545 15.1205
0.055 15.24221
0.056 15.61236
0.0565 15.84643
0.057 16.08155
0.0575 16.27114
0.058 16.45721
0.0585 16.66335
0.059 16.87459
0.0595 17.0396
0.06 17.2637
0.061 17.67845
0.062 18.14564
0.0635 18.90711
0.064 19.114
0.068 22.85947
0.072 28.35643
0.076 33.70487
0.08 36.0425
0.084 35.41646
0.088 33.84591
0.092 31.48859
0.096 29.30764

0.02 0.1483342
0.04 0.2736958
0.06 0.4066281
0.08 0.5254344
0.1 0.6492453
0.12 0.786096
0.14 0.9390309
0.16 1.092164
0.18 1.251216
0.2 1.434204
0.22 1.624343
0.24 1.827753
0.26 2.046621
0.28 2.309303
0.3 2.567753
0.32 2.879618
0.34 3.205367
0.36 3.682132
0.38 4.068315
0.4 4.643643
0.42 5.317826
0.44 6.239959
0.46 6.920685
0.48 7.965183
0.5 9.49488
0.52 10.79376
0.53 11.45284
0.54 12.29199
0.55 13.04476
0.56 13.73768
0.57 14.42029
0.58 15.03014
0.59 15.46162
0.6 15.59551
0.61 15.93974
0.62 15.67217
0.63 15.49356
0.64 14.92245
0.65 14.32094
0.66 13.48107
0.67 12.5137
0.68 11.86673
0.7 10.13433
0.72 8.48088
0.74 7.437475
0.76 6.623565
0.78 6.078796

0.02 0.3947051
0.04 0.763551
0.06 1.165718
0.08 1.599708
0.1 2.098722
0.12 2.646515
0.14 3.270664
0.16 4.043553
0.18 4.887781
0.2 5.738468
0.22 6.822405
0.24 8.245891
0.26 9.871073
0.28 11.73826
0.3 13.79833
0.32 15.98514
0.34 19.23099
0.36 23.32011
0.38 27.83058
0.385 28.86167
0.39 30.25244
0.395 31.36831
0.4 32.40594
0.405 33.72651
0.41 34.72283
0.415 35.89715
0.42 37.01751
0.425 37.61615
0.43 38.02631
0.435 38.15103
0.44 38.01262
0.445 37.38801
0.45 36.68658
0.455 34.79953
0.46 33.98046
0.465 31.88094
0.47 29.92652
0.475 27.68275
0.48 25.28982
0.5 18.90532
0.52 15.45603
0.54 12.93525
0.56 11.25767
0.58 9.751816
0.6 8.943414
0.62 7.93407
0.64 7.446704
0.66 6.934859
0.68 6.410792
0.7 5.928671
0.72 5.584534
0.74 5.306065
0.76 5.039178
0.78 4.744633

0.02 0.6684563
0.04 1.323747
0.06 2.027153
0.08 2.802964
0.1 3.752248
0.12 4.734089
0.14 5.879007
0.16 7.217326
0.18 8.728523
0.2 10.66557
0.22 12.98034
0.24 15.41186
0.26 18.86595
0.28 23.2873
0.3 29.09412
0.32 38.24098
0.34 53.71358
0.345 57.83426
0.35 63.82259
0.355 70.05729
0.36 77.45927
0.365 84.10743
0.37 90.77477
0.375 96.50684
0.38 101.8963
0.385 103.4418
0.39 100.5076
0.395 95.6844
0.4 85.56095
0.405 74.68093
0.41 64.64848
0.415 54.67198
0.42 50.50617
0.44 33.05079
0.46 26.02053
0.48 21.33094

0.02 2.353097
0.04 5.123099
0.06 8.199944
0.08 12.04029
0.1 16.75479
0.12 21.50564
0.14 27.05418
0.16 33.10886
0.18 39.17598
0.2 45.95875
0.22 52.59842
0.24 64.16923
0.26 78.35412
0.28 103.9548
0.285 111.4667
0.29 123.1608
0.295 133.819
0.3 146.1462
0.305 162.0539
0.31 171.2904
0.315 188.0312
0.32 196.9438
0.325 201.5554
0.33 195.4906
0.335 179.845
0.34 158.7497
0.345 132.908
0.35 116.2312
0.36 86.24055
0.38 63.40091
0.4 51.08321
0.42 40.92754
0.44 32.67504
0.46 27.70357

0.02 10.30289
0.04 24.50468
0.06 42.28578
0.08 62.73351
0.1 79.602
0.12 99.5203
0.14 118.2996
0.145 124.0085
0.15 131.6288
0.155 138.1769
0.16 144.2816
0.165 150.9652
0.17 159.8381
0.175 164.6689
0.18 170.9788
0.22 238.6808
0.23 240.8998
0.24 251.5506
0.25 251.9462
0.26 229.1361
0.27 202.2546
0.28 180.0918

