0.9 7.873691
0.905 8.344659
0.91 8.649394
0.915 9.753158
0.92 10.73017
0.925 12.16191
0.93 13.03872
0.935 13.05643
0.94 15.45392
0.945 18.6599
0.95 20.08048
0.955 24.03172
0.96 27.73921
0.97 37.54671
0.975 54.37915
0.98 73.06288
0.985 102.7122
0.99 170.1513
0.995 281.8995
1 302.9051
1.005 156.7782
1.01 105.2483
1.015 66.38386
1.02 59.6581
1.025 44.94593
1.03 42.47178
1.035 37.30205
1.04 34.11122
1.08 18.357
1.12 12.81018
1.16 10.42904
1.2 8.397913
1.24 6.82909
1.28 6.269055
1.32 5.371154
1.36 4.908377
1.4 4.586239
1.44 4.26882
1.48 3.96459

0.5 0.7507917
0.55 1.047563
0.6 1.355066
0.65 2.004118
0.7 2.650834
0.75 4.624776
0.8 9.111472
0.805 9.748035
0.81 10.74586
0.815 11.56417
0.82 12.75607
0.825 14.41996
0.83 15.88332
0.835 20.01907
0.84 21.01088
0.845 25.81792
0.85 30.35528
0.855 41.20956
0.86 52.78785
0.865 81.77337
0.87 139.149
0.875 235.8258
0.88 296.6617
0.885 199.7014
0.89 88.93458
0.895 72.62523
0.9 54.64425
0.905 47.54636
0.91 40.61611
0.915 35.43146
0.92 34.00577
0.925 30.05609
0.93 26.80503
0.935 25.09677
0.94 24.63448
0.945 21.04226
0.95 20.33303
1 13.2486
1.05 9.241233
1.1 7.64762
1.15 6.394146
1.2 5.866386
1.25 5.173409
1.3 4.44045
1.35 4.075331
1.4 3.682606
1.45 3.470946
1.5 3.107026
1.55 2.994216
1.6 2.816409
1.65 2.793411

0.5 0.8838177
0.55 1.288748
0.6 1.85686
0.65 2.954376
0.7 4.44504
0.75 10.95619
0.755 11.57206
0.76 14.71801
0.765 14.4194
0.77 18.92399
0.775 21.48285
0.78 27.22261
0.785 31.0863
0.79 44.10923
0.795 58.38152
0.8 96.22113
0.805 165.9238
0.81 265.5507
0.815 217.6931
0.82 126.1937
0.825 77.91061
0.83 57.99506
0.835 48.75599
0.84 43.60569
0.845 35.38056
0.85 32.53952
0.9 16.21721
0.95 11.08115
1 8.652634
1.05 7.234989
1.1 6.053105
1.15 5.31102
1.2 4.598548
1.25 4.272066
1.3 3.910725
1.35 3.641978
1.4 3.442374
1.45 2.976589
1.5 2.913283
1.55 2.826894
1.6 2.586665
1.65 2.676401

0.5 1.085214
0.55 1.534491
0.6 2.421413
0.65 3.907202
0.7 8.443777
0.705 9.767605
0.71 11.25969
0.715 11.23916
0.72 13.5921
0.725 14.84783
0.73 18.79136
0.735 21.49721
0.74 28.19953
0.745 32.38195
0.75 42.61752
0.755 62.74839
0.76 117.5911
0.765 168.1945
0.766 186.3838
0.767 230.5405
0.768 249.8104
0.769 276.4115
0.77 281.6139
0.771 264.5378
0.772 257.0395
0.774 230.8872
0.775 188.9064
0.78 89.23913
0.785 66.32692
0.79 52.66112
0.795 42.56319
0.8 39.21886
0.805 34.61933
0.81 29.69985
0.815 28.00157
0.82 26.62378
0.825 24.22841
0.83 21.45544
0.835 20.19223
0.84 19.42635
0.845 18.08411
0.85 18.82483
0.9 11.49797
0.95 9.189501
1 6.859801
1.05 5.815269
1.1 4.985682
1.15 4.711243
1.2 4.123374
1.25 4.123788
1.3 3.877731
1.35 3.443558
1.4 3.254426
1.45 3.097951
1.5 2.755703
1.55 2.808361
1.6 2.613518
1.65 2.499393

0.5 1.608
0.501 1.61973
0.502 1.62613
0.503 1.64166
0.504 1.68008
0.505 1.65871
0.506 1.68507
0.507 1.69877
0.508 1.70414
0.509 1.73683
0.51 1.73894
0.511 1.73461
0.512 1.77322
0.513 1.78341
0.514 1.79212
0.515 1.79292
0.516 1.82675
0.517 1.84761
0.518 1.84778
0.519 1.85874
0.52 1.88454
0.521 1.8995
0.522 1.91296
0.523 1.92461
0.524 1.94227
0.525 1.96922
0.526 1.97616
0.527 2.001
0.528 2.00413
0.529 2.00985
0.53 2.0697
0.531 2.05694
0.532 2.10047
0.533 2.0973
0.534 2.11652
0.535 2.15114
0.536 2.15492
0.537 2.19318
0.538 2.16471
0.539 2.21905
0.54 2.2248
0.541 2.24021
0.542 2.28801
0.543 2.29332
0.544 2.32773
0.545 2.33495
0.546 2.35464
0.547 2.38319
0.548 2.41374
0.549 2.40127
0.55 2.43483
0.551 2.44049
0.552 2.489
0.553 2.50422
0.554 2.54006
0.555 2.58772
0.556 2.58816
0.557 2.64486
0.558 2.63682
0.559 2.69405
0.56 2.69981
0.561 2.74698
0.562 2.77095
0.563 2.80778
0.564 2.84335
0.565 2.86545
0.566 2.88624
0.567 2.91878
0.568 2.9474
0.569 2.99094
0.57 2.98325
0.571 3.03624
0.572 3.07757
0.573 3.13115
0.574 3.09922
0.575 3.18122
0.576 3.16199
0.577 3.23597
0.578 3.22702
0.579 3.32393
0.58 3.37355
0.581 3.37344
0.582 3.41465
0.583 3.43954
0.584 3.52645
0.585 3.53551
0.586 3.6463
0.587 3.68315
0.588 3.7117
0.589 3.7416
0.59 3.76981
0.591 3.8518
0.592 3.91266
0.593 3.94314
0.594 4.03243
0.595 4.05172
0.596 4.15103
0.597 4.11402
0.598 4.25434
0.599 4.31169
0.6 4.36704
0.601 4.40552
0.602 4.47398
0.603 4.53613
0.604 4.59119
0.605 4.66814
0.606 4.71064
0.607 4.81353
0.608 4.90209
0.609 4.96331
0.61 5.05874
0.611 5.13782
0.612 5.32732
0.613 5.40006
0.614 5.39986
0.615 5.51865
0.616 5.58737
0.617 5.65435
0.618 5.82069
0.619 5.92615
0.62 5.97887
0.621 6.08448
0.622 6.09132
0.623 6.24777
0.624 6.40174
0.625 6.57237
0.626 6.80087
0.627 6.85715
0.628 7.11016
0.629 7.07898
0.63 7.2533
0.631 7.43606
0.632 7.51324
0.633 7.90649
0.634 8.03503
0.635 8.01416
0.636 8.23401
0.637 8.70913
0.638 8.87833
0.639 8.78914
0.64 9.20683
0.641 9.38975
0.642 9.52924
0.643 9.85538
0.644 10.1137
0.645 10.2478
0.646 10.6508
0.647 11.1322
0.648 11.1741
0.649 11.3349
0.65 12.2705
0.651 12.5221
0.652 12.6457
0.653 13.1487
0.654 14.0693
0.655 14.1341
0.656 14.3376
0.657 14.8648
0.658 15.7046
0.659 16.6714
0.66 16.7974
0.661 18.1409
0.662 18.3556
0.663 19.2081
0.664 20.125
0.665 21.0673
0.666 21.713
0.667 22.5789
0.668 24.9236
0.669 25.4289
0.67 25.7877
0.671 29.1799
0.672 30.1865
0.673 32.6078
0.674 34.8768
0.675 36.6327
0.676 39.3614
0.677 41.6555
0.678 47.1591
0.679 48.5183
0.68 54.0715
0.681 58.2478
0.682 61.7956
0.683 70.0132
0.684 77.3098
0.685 84.4636
0.686 93.32
0.687 100.738
0.688 115.071
0.689 129.3
0.69 142.398
0.691 153.318
0.692 164.544
0.693 180.453
0.694 185.442
0.695 180.755
0.696 169.81
0.697 154.67
0.698 141.365
0.699 112.603
0.7 94.3864
0.701 79.2663
0.702 67.8354
0.703 57.3924
0.704 52.552
0.705 48.9764
0.706 42.5926
0.707 40.6396
0.708 39.31
0.709 36.0037
0.71 35.3132
0.711 31.8804
0.712 30.1278
0.713 30.6476
0.714 29.1428
0.715 26.7716
0.716 26.3343
0.717 25.7376
0.718 24.1777
0.719 24.5575
0.72 22.677
0.721 21.9564
0.722 20.9234
0.723 20.85
0.724 19.3957
0.725 19.1783
0.726 18.8354
0.727 18.4498
0.728 17.8697
0.729 17.5294
0.73 16.987
0.731 17.0473
0.732 16.1863
0.733 15.9786
0.734 15.5273
0.735 15.2091
0.736 15.3102
0.737 14.6711
0.738 14.0337
0.739 13.9358
0.74 13.6367
0.741 13.1944
0.742 13.1095
0.743 12.8649
0.744 12.9672
0.745 12.5588
0.746 12.0528
0.747 12.0158
0.748 11.7033
0.749 11.7915
0.75 11.3836
0.751 11.1838
0.752 11.07
0.753 11.021
0.754 10.9071
0.755 10.9038
0.756 10.5416
0.757 10.3061
0.758 10.1828
0.759 10.0346
0.76 9.88944
0.761 9.73583
0.762 9.54927
0.763 9.41297
0.764 9.45158

