0.02 0.2353827
0.04 0.4688981
0.06 0.7831416
0.08 1.372039
0.1 1.994858
0.12 3.114733
0.13 3.604877
0.14 4.090421
0.15 4.758567
0.16 5.372993
0.17 5.916698
0.18 6.113176
0.19 6.353758
0.2 6.396351
0.21 6.357944
0.22 6.209746
0.23 5.929797
0.24 5.702986
0.26 5.110921

0.02 0.2504379
0.04 0.5217858
0.06 0.9689308
0.08 1.601605
0.1 2.631181
0.12 4.097419
0.14 5.536644
0.15 5.954021
0.16 6.402122
0.17 6.449644
0.18 6.532127
0.19 6.443733
0.2 6.102597
0.21 5.953977
0.22 5.619594
0.23 5.357687
0.24 5.120757
0.26 4.57222
0.28 4.152338
0.3 3.928202

0.02 0.2313706
0.04 0.4402084
0.06 0.7692158
0.08 1.125049
0.1 1.630147
0.12 2.769568
0.13 2.930433
0.14 3.429499
0.15 3.871522
0.16 4.494759
0.17 5.11356
0.18 5.694085
0.19 6.005971
0.2 6.253236
0.21 6.346851
0.22 6.360327
0.23 6.212417
0.24 6.060173
0.26 5.600008
0.28 5.06142

0.02 0.2496599
0.04 0.5010715
0.06 0.8942104
0.08 1.473375
0.1 2.409769
0.12 3.608085
0.14 4.953241
0.16 6.101546
0.17 6.467459
0.18 6.624419
0.19 6.629488
0.2 6.415602
0.21 6.179513
0.22 5.855811
0.23 5.586724
0.24 5.2984
0.25 5.032714
0.26 4.835632
0.28 4.304515
0.3 3.98059

0.04 0.8597259
0.06 1.614608
0.08 2.93974
0.09 3.79348
0.1 4.573715
0.11 5.257462
0.12 5.822866
0.13 5.962104
0.14 5.805265
0.15 5.371756
0.16 4.955812
0.17 4.570969
0.18 4.157835
0.2 3.565592
0.22 3.172279
0.24 2.861221
0.26 2.58293
0.28 2.387337
0.3 2.232047

